<?xml version="1.0"?>
<opencv_storage>
<Intrinsics type_id="opencv-matrix">
  <rows>3</rows>
  <cols>3</cols>
  <dt>f</dt>
  <data>
    5.47235596e+002 0. 3.34357605e+002 0. 5.47235596e+002
    2.56826050e+002 0. 0. 1.</data></Intrinsics>
</opencv_storage>
